+13028208134
+13024447193
+13024601507
+13029559825
+13027758232
+13024518944
+13026264483
+13027264950
+13026260571
+13027868339
+13025847674
+13026439618
+13027354220
+13025897634
+13022143829
+13028034003
+13025510048
+13029333838
+13028488248
+13029905464
+13023628706
+13029770523
+13025614389
+13024465961
+13029810880
+13027141922
+13025508080
+13029480786
+13022401705
+13022741023
+13026743845
+13025327555
+13023581839
+13027167211
+13029111888
+13022256403
+13023429908
+13027624101
+13022527002
+13028530859
+13029991885
+13024437314
+13024562885
+13029624557
+13022129946
+13024384865
+13026879639
+13025221530
+13024165803
+13022108815
+13025841690
+13023610208
+13027352109
+13022811319
+13024515179
+13025880063
+13026976763
+13026501738
+13023133991
+13025138571
+13028374310
+13023550481
+13023435611
+13028817059
+13023941599
+13026483627
+13024907490
+13027647249
+13024019566
+13024340600
+13024578164
+13022172740
+13023287279
+13023658309
+13025725553
+13025869099
+13023807080
+13027973402
+13028037905
+13022708689
+13025528448
+13025212643
+13029050878
+13029385102
+13025514114
+13028910973
+13029852383
+13022176247
+13029292713
+13025344173
